1
0 0
4
180 0 9 1 30
810 0 9 1 30
540 0 10 1 30
900 0 10 1 30
0 0 5000 3000
1 7 
2
0 90
4
1793 90 19 0 30
1409 90 19 0 30
467 90 19 0 30
116 90 19 0 30
300 90 5769 5000
1 20 
0
0 180
3
1264 180 1 0 6
1120 180 1 0 6
976 180 1 0 6
300 180 1447 5000
1 11 
0
0 270
2
1536 270 2 0 6
1584 270 2 0 6
811 270 1714 5000
-1 11 
2
0 360
4
96 360 19 0 30
318 360 19 0 30
873 360 19 0 30
1122 360 19 0 30
300 360 1526 5000
-1 20 
1
0 450
2
360 450 10 1 30
180 450 10 1 30
0 450 5000 3000
1 3 
1
0 540
3
1170 540 10 1 30
270 540 9 1 30
360 540 9 1 30
0 540 5000 3000
1 3 
1
0 630
2
990 630 8 1 30
630 630 10 1 30
0 630 5000 3000
1 3 
0
0 720
1
168 720 1 0 6
300 720 4284 5000
1 11 
2
0 810
0
300 810 5840 5000
-1 20 
2
0 900
0
300 900 2398 5000
1 20 
0
0 990
0
811 990 2073 5000
-1 11 
1
0 1080
1
810 1080 10 1 30
0 0 5000 3000
1 5 
60
0

630 450 3 450 0 60 
9
1
test
