1
0 0
2
720 0 10 1 30
270 0 10 1 30
0 0 5000 3000
1 5 
0
0 90
0
300 90 5850 5000
-1 11 
0
0 180
0
300 180 7223 5000
-1 11 
1
0 270
1
900 270 8 1 30
0 0 5000 3000
1 3 
3
0 360
0
300 360 3720 5000
1 18 
2
0 450
0
300 450 6334 5000
-1 20 
0
0 540
0
811 540 6119 5000
1 11 
2
0 630
0
300 630 1783 5000
-1 20 
0
0 720
0
300 720 4427 5000
-1 11 
0
0 810
0
811 810 4328 5000
1 11 
3
0 900
0
300 900 5181 5000
1 18 
0
0 990
0
300 990 6557 5000
-1 11 
0
0 1080
0
300 1080 3727 5000
-1 11 
0
0

90 0 3 0 0 0 
0
0

