3
0 0
0
811 0 3418 5000
1 20 

1
0 90
3
0 90 9 1 30
270 90 10 1 30
900 90 9 1 30
0 90 5000 3000
1 5 

0
0 180
0
300 180 1101 5000
1 11 

3
0 270
0
811 270 6018 5000
1 20 

0
0 360
3
-2330 360 2 0 6
974 360 2 0 6
1126 360 2 0 6
300 360 3103 5000
-1 11 

0
0 450
1
-54 450 1 0 6
300 450 4555 5000
1 11 

0
0 540
2
126 540 2 0 6
1566 540 2 0 6
300 540 5125 5000
-1 11 

0
0 630
0
811 630 5881 5000
-1 11 

1
0 720
2
90 720 8 1 30
360 720 10 1 30
0 720 5000 3000
1 7 

3
0 810
0
300 810 3110 5000
-1 20 

3
0 900
0
811 900 3465 5000
1 20 

2
0 990
0
811 990 3134 5000
-1 22 

0
0 1080
0
300 1080 4177 5000
1 11 

59
0

630 270 3 360 0 59 
9
1
asd
