0
0 0
0
300 0 7804 5000
1 11 

1
0 90
2
180 90 10 1 30
270 90 9 1 30
0 90 5000 3000
1 3 

2
0 180
2
927 180 21 0 30
1290 180 21 0 30
300 180 5518 5000
-1 22 

0
0 270
0
300 270 7296 5000
-1 11 

0
0 360
1
168 360 1 0 6
300 360 1807 5000
1 11 

2
0 450
0
300 450 3281 5000
1 22 

0
0 540
2
1582 540 2 0 6
2470 540 2 0 6
300 540 7061 5000
-1 11 

2
0 630
2
1083 630 21 0 30
1269 630 21 0 30
300 630 4217 5000
-1 22 

0
0 720
1
712 720 1 0 6
811 720 4421 5000
1 11 

1
0 810
1
360 810 9 1 30
0 810 5000 3000
1 3 

1
0 900
1
720 900 10 1 30
0 900 5000 3000
1 3 

0
0 990
0
811 990 2878 5000
1 11 

1
0 1080
2
990 1080 8 1 30
1080 1080 10 1 30
0 0 5000 3000
1 5 

12
0

630 90 3 90 0 12 
2
1
bug
