0
0 0
5
-4512 0 2 0 6
-3856 0 2 0 6
-880 0 2 0 6
-880 0 2 0 6
-880 0 2 0 6
300 0 2727 5000
-1 11 
1
0 90
3
540 90 10 1 30
990 90 9 1 30
360 90 8 1 30
0 90 5000 3000
1 3 
0
0 180
1
1632 180 2 0 6
811 180 5795 5000
-1 11 
3
0 270
0
811 270 6811 5000
-1 18 
0
0 360
4
-1000 360 2 0 6
-832 360 2 0 6
336 360 2 0 6
880 360 2 0 6
300 360 6371 5000
-1 11 
1
0 450
1
630 450 9 1 30
0 450 5000 3000
1 6 
2
0 540
4
899 540 19 0 30
710 540 19 0 30
350 540 19 0 30
176 540 19 0 30
300 540 4382 5000
1 20 
3
0 630
0
811 630 6319 5000
-1 18 
0
0 720
1
1088 720 2 0 6
300 720 4836 5000
-1 11 
1
0 810
1
0 810 10 1 30
0 810 5000 3000
1 7 
0
0 900
0
811 900 7705 5000
1 11 
2
0 990
0
300 990 2454 5000
-1 20 
0
0 1080
0
811 1080 3765 5000
1 11 
82
0

630 90 3 90 0 82 
20
1
daiui
