1
0 0
2
90 0 9 1 30
0 0 10 1 30
0 0 5000 3000
1 3 

1
0 90
2
540 90 10 1 30
0 90 10 1 30
0 90 5000 3000
1 3 

2
0 180
4
414 180 28 0 30
549 180 28 0 30
663 180 28 0 30
1221 180 28 0 30
811 180 2323 5000
-1 29 

0
0 270
0
811 270 1486 5000
1 11 

1
0 360
2
270 360 8 1 30
1170 360 9 1 30
0 360 5000 3000
1 7 

1
0 450
4
540 450 9 1 30
360 450 10 1 30
630 450 8 1 30
180 450 10 1 30
0 450 5000 3000
1 6 

0
0 540
1
1475 540 14 0 10
300 540 5257 5000
-1 11 

0
0 630
1
2546 630 2 0 7
300 630 6695 5000
-1 11 

3
0 720
0
300 720 3516 5000
1 27 

1
0 810
2
1080 810 9 1 30
180 810 9 1 30
0 810 5000 3000
1 4 

3
0 900
0
300 900 3355 5000
-1 27 

0
0 990
0
300 990 4496 5000
-1 11 

2
0 1080
2
302 1080 28 0 30
128 1080 28 0 30
300 1080 3331 5000
1 29 

2
0 1170
1
1152 1170 28 0 30
811 1170 3631 5000
-1 29 

0
0 1260
1
-55 1260 15 0 10
811 1260 7868 5000
1 11 

88
0

810 360 3 360 0 88 
92
1
DRX
