3
0 0
0
811 0 7661 5000
-1 20 
0
0 90
1
2374 90 2 0 6
811 90 2017 5000
-1 11 
1
0 180
4
450 180 10 1 30
360 180 10 1 30
0 180 9 1 30
990 180 9 1 30
0 180 5000 3000
1 6 
0
0 270
1
168 270 1 0 6
300 270 2934 5000
1 11 
1
0 360
3
810 360 8 1 30
1080 360 8 1 30
540 360 10 1 30
0 360 5000 3000
1 3 
0
0 450
1
1646 450 2 0 6
811 450 5419 5000
-1 11 
1
0 540
2
810 540 9 1 30
630 540 9 1 30
0 540 5000 3000
1 7 
2
0 630
2
957 630 21 0 30
1227 630 21 0 30
300 630 5152 5000
-1 22 
2
0 720
1
1098 720 21 0 30
300 720 5380 5000
-1 22 
0
0 810
0
811 810 7064 5000
1 11 
3
0 900
0
811 900 2007 5000
-1 20 
2
0 990
0
300 990 6535 5000
-1 22 
0
0 1080
0
811 1080 4486 5000
1 11 
74
0

270 360 3 360 0 74 
5
1
k
