1
0 0
3
720 0 10 1 30
990 0 8 1 30
810 0 9 1 30
0 0 5000 3000
1 5 

2
0 90
1
1152 90 21 0 30
300 90 1151 5000
-1 22 

0
0 180
0
811 180 7228 5000
1 11 

2
0 270
0
811 270 6930 5000
1 22 

1
0 360
2
0 360 8 1 30
270 360 9 1 30
0 0 5000 3000
1 3 

0
0 450
0
300 450 2011 5000
1 11 

3
0 540
0
300 540 7004 5000
1 20 

2
0 630
1
1005 630 21 0 30
300 630 4806 5000
-1 22 

2
0 720
1
317 720 21 0 30
300 720 1015 5000
1 22 

3
0 810
0
811 810 1691 5000
1 20 

0
0 900
0
300 900 5775 5000
1 11 

0
0 990
0
811 990 4074 5000
1 11 

3
0 1080
0
300 1080 6888 5000
-1 20 

0
0

630 0 3 0 0 0 
0
0
fat
