0
0 0
2
1888 0 2 0 6
2096 0 2 0 6
300 0 2281 5000
-1 11 
0
0 90
4
2216 90 1 0 6
2072 90 1 0 6
1504 90 1 0 6
888 90 1 0 6
811 90 2508 5000
1 11 
3
0 180
0
811 180 7714 5000
1 18 
1
0 270
3
900 270 8 1 30
450 270 8 1 30
90 270 10 1 30
0 270 5000 3000
1 3 
0
0 360
1
1136 360 2 0 6
300 360 1180 5000
-1 11 
0
0 450
4
-2984 450 2 0 6
-1504 450 2 0 6
-392 450 2 0 6
944 450 2 0 6
811 450 5824 5000
-1 11 
2
0 540
5
-516 540 19 0 30
-141 540 19 0 30
69 540 19 0 30
309 540 19 0 30
558 540 19 0 30
300 540 7856 5000
-1 20 
1
0 630
2
810 630 10 1 30
900 630 10 1 30
0 630 5000 3000
1 3 
0
0 720
1
1208 720 2 0 6
300 720 4263 5000
-1 11 
1
0 810
4
990 810 10 1 30
720 810 10 1 30
810 810 10 1 30
90 810 9 1 30
0 810 5000 3000
1 6 
0
0 900
0
300 900 5153 5000
1 11 
1
0 990
1
1080 990 8 1 30
0 990 5000 3000
1 6 
0
0 1080
0
300 1080 4871 5000
1 11 
81
0

270 270 3 270 0 81 
5
1
fuy
