2
0 0
4
878 0 19 0 30
581 0 19 0 30
425 0 19 0 30
5 0 19 0 30
300 0 5221 5000
1 20 
0
0 90
2
552 90 2 0 6
840 90 2 0 6
811 90 4983 5000
-1 11 
3
0 180
1
1750 180 13 0 1
300 180 2823 5000
-1 18 
3
0 270
1
1850 270 13 0 1
300 270 7873 5000
-1 18 
3
0 360
0
811 360 1145 5000
-1 18 
1
0 450
2
1170 450 9 1 30
900 450 10 1 30
0 450 5000 3000
1 7 
0
0 540
0
300 540 4900 5000
-1 11 
0
0 630
1
672 630 1 0 6
811 630 2730 5000
1 11 
2
0 720
1
1197 720 19 0 30
811 720 2866 5000
-1 20 
2
0 810
1
1284 810 19 0 30
811 810 5916 5000
-1 20 
3
0 900
0
811 900 6429 5000
1 18 
2
0 990
0
811 990 3501 5000
-1 20 
0
0 1080
0
300 1080 5766 5000
-1 11 
43
0

360 450 3 450 0 43 
14
1
j
