3
0 0
0
811 0 5666 5000
-1 18 
1
0 90
4
630 90 10 1 30
990 90 10 1 30
360 90 9 1 30
810 90 10 1 30
0 90 5000 3000
1 4 
2
0 180
2
389 180 19 0 30
110 180 19 0 30
300 180 5658 5000
1 20 
0
0 270
0
811 270 6231 5000
1 11 
0
0 360
0
811 360 1474 5000
-1 11 
1
0 450
3
180 450 9 1 30
720 450 8 1 30
270 450 8 1 30
0 450 5000 3000
1 3 
0
0 540
1
168 540 1 0 6
300 540 3330 5000
1 11 
3
0 630
0
300 630 6579 5000
1 18 
3
0 720
0
811 720 2816 5000
-1 18 
1
0 810
2
540 810 10 1 30
360 810 8 1 30
0 810 5000 3000
1 6 
2
0 900
0
300 900 2583 5000
-1 20 
2
0 990
0
300 990 4681 5000
1 20 
0
0 1080
0
300 1080 7426 5000
1 11 
15
0

180 270 3 270 0 15 
4
1
jigga
