2
0 0
3
1223 0 28 0 30
1016 0 28 0 30
233 0 28 0 30
300 0 5942 5000
1 29 

0
0 90
2
1814 90 14 0 6
2240 90 2 0 5
300 90 3108 5000
-1 11 

0
0 180
0
300 180 5875 5000
-1 11 

2
0 270
3
953 270 28 0 30
785 270 28 0 30
269 270 28 0 30
300 270 2818 5000
1 29 

1
0 360
4
720 360 9 1 30
450 360 8 1 30
1170 360 10 1 30
1080 360 8 1 30
0 360 5000 3000
1 3 

0
0 450
2
970 450 1 0 5
218 450 15 0 6
300 450 4187 5000
1 11 

2
0 540
5
27 540 28 0 30
192 540 28 0 30
420 540 28 0 30
771 540 28 0 30
1128 540 28 0 30
811 540 5308 5000
-1 29 

2
0 630
3
132 630 28 0 30
813 630 28 0 30
1110 630 28 0 30
300 630 6342 5000
-1 29 

1
0 720
3
720 720 8 1 30
180 720 8 1 30
450 720 9 1 30
0 720 5000 3000
1 6 

0
0 810
0
300 810 1854 5000
1 11 

1
0 900
1
630 900 8 1 30
0 900 5000 3000
1 4 

0
0 990
0
300 990 3560 5000
1 11 

0
0 1080
0
300 1080 5194 5000
1 11 

110
0

636 180 3 270 0 110 
4
1
k
