0
0 0
0
300 0 1170 5000
1 11 
0
0 90
0
300 90 2790 5000
1 11 
0
0 180
0
811 180 2572 5000
-1 11 
1
0 270
4
990 270 10 1 30
630 270 8 1 30
180 270 9 1 30
1170 270 8 1 30
0 270 5000 3000
1 3 
2
0 360
5
-636 360 19 0 30
-348 360 19 0 30
-150 360 19 0 30
12 360 19 0 30
339 360 19 0 30
811 360 5341 5000
-1 20 
1
0 450
4
270 450 8 1 30
180 450 8 1 30
450 450 10 1 30
1080 450 9 1 30
0 450 5000 3000
1 4 
1
0 540
1
1080 540 8 1 30
0 540 5000 3000
1 4 
0
0 630
0
811 630 1063 5000
1 11 
3
0 720
0
300 720 1551 5000
-1 18 
2
0 810
1
1227 810 19 0 30
811 810 4415 5000
-1 20 
1
0 900
1
0 900 8 1 30
0 900 5000 3000
1 5 
3
0 990
0
811 990 7514 5000
1 18 
1
0 1080
4
450 1080 9 1 30
540 1080 10 1 30
1080 1080 10 1 30
180 1080 8 1 30
0 0 5000 3000
1 6 
126
0

628 540 3 450 0 126 
34
1
ki
