3
0 0
0
811 0 3615 5000
1 19 
0
0 90
5
-2776 90 2 0 6
-288 90 2 0 6
-192 90 2 0 6
824 90 2 0 6
872 90 2 0 6
300 90 6371 5000
-1 11 
0
0 180
0
811 180 3126 5000
-1 11 
2
0 270
5
-525 270 20 0 30
66 270 20 0 30
381 270 20 0 30
573 270 20 0 30
792 270 20 0 30
811 270 5489 5000
-1 21 
0
0 360
5
-1632 360 2 0 6
944 360 2 0 6
944 360 2 0 6
944 360 2 0 6
944 360 2 0 6
811 360 1655 5000
-1 11 
0
0 450
2
2544 450 1 0 6
1512 450 1 0 6
300 450 3082 5000
1 11 
1
0 540
1
270 540 8 1 30
0 540 5000 3000
1 3 
3
0 630
0
300 630 1544 5000
1 19 
3
0 720
0
811 720 7177 5000
1 19 
2
0 810
1
1074 810 20 0 30
811 810 3620 5000
-1 21 
2
0 900
0
811 900 7213 5000
-1 21 
1
0 990
1
1170 990 8 1 30
0 990 5000 3000
1 3 
2
0 1080
0
811 1080 2739 5000
-1 21 
72
0

540 540 3 540 0 72 
36
1
kie
