0
0 0
2
944 0 2 0 6
560 0 2 0 6
811 0 4469 5000
-1 11 
0
0 90
3
432 90 2 0 6
1176 90 2 0 6
1520 90 2 0 6
300 90 6188 5000
-1 11 
0
0 180
0
811 180 7027 5000
-1 11 
0
0 270
1
1448 270 1 0 6
811 270 1017 5000
1 11 
2
0 360
2
812 360 19 0 30
356 360 19 0 30
300 360 6618 5000
1 20 
0
0 450
2
432 450 2 0 6
136 450 2 0 6
300 450 7932 5000
-1 11 
1
0 540
3
1080 540 9 1 30
180 540 9 1 30
720 540 10 1 30
0 540 5000 3000
1 4 
1
0 630
3
180 630 9 1 30
630 630 10 1 30
270 630 9 1 30
0 630 5000 3000
1 7 
0
0 720
1
1664 720 2 0 6
300 720 5608 5000
-1 11 
2
0 810
0
300 810 7701 5000
1 20 
2
0 900
0
300 900 5160 5000
1 20 
0
0 990
0
300 990 4966 5000
-1 11 
3
0 1080
0
811 1080 1315 5000
-1 18 
52
0

360 180 3 270 0 52 
6
1
duyanh
