0
0 0
1
554 0 1 0 6
811 0 6430 5000
1 11 

2
0 90
5
908 90 21 0 30
626 90 21 0 30
431 90 21 0 30
263 90 21 0 30
26 90 21 0 30
811 90 5397 5000
1 22 

0
0 180
0
811 180 7846 5000
1 11 

0
0 270
1
1186 270 1 0 6
811 270 4315 5000
1 11 

0
0 360
2
810 360 1 0 6
666 360 1 0 6
300 360 4051 5000
1 11 

3
0 450
0
811 450 3320 5000
-1 20 

2
0 540
3
1070 540 21 0 30
563 540 21 0 30
242 540 21 0 30
811 540 3150 5000
1 22 

0
0 630
0
811 630 2011 5000
-1 11 

0
0 720
0
811 720 1393 5000
1 11 

1
0 810
1
720 810 8 1 30
0 810 5000 3000
1 7 

2
0 900
0
811 900 3896 5000
1 22 

1
0 990
4
900 990 10 1 30
90 990 9 1 30
990 990 9 1 30
1170 990 9 1 30
0 990 5000 3000
1 4 

0
0 1080
0
811 1080 3625 5000
-1 11 

54
0

540 180 3 180 0 54 
5
1
kiki
