1
0 0
3
630 0 8 1 30
1170 0 10 1 30
0 0 8 1 30
0 0 5000 3000
1 3 

0
0 90
0
300 90 7601 5000
-1 11 

0
0 180
2
218 180 15 0 6
66 180 15 0 6
300 180 3477 5000
1 11 

3
0 270
0
300 270 7019 5000
-1 22 

2
0 360
1
623 360 23 0 30
811 360 4691 5000
1 24 

0
0 450
1
324 450 15 0 6
811 450 7420 5000
1 11 

1
0 540
4
990 540 8 1 30
630 540 8 1 30
900 540 8 1 30
360 540 9 1 30
0 540 5000 3000
1 6 

1
0 630
1
630 630 8 1 30
0 630 5000 3000
1 3 

0
0 720
0
300 720 5646 5000
-1 11 

3
0 810
0
811 810 5455 5000
1 22 

3
0 900
0
300 900 2640 5000
1 22 

2
0 990
0
811 990 3144 5000
-1 24 

0
0 1080
0
300 1080 3036 5000
-1 11 

73
0

360 450 3 450 0 73 
6
1
kk
