0
0 0
4
3810 0 1 0 6
3098 0 1 0 6
1050 0 1 0 6
674 0 1 0 6
300 0 7219 5000
1 11 
3
0 90
0
811 90 2614 5000
-1 20 
1
0 180
2
-3504 180 10 1 30
48 180 9 1 30
0 180 5000 3000
1 3 
1
0 270
2
180 270 10 1 30
1080 270 9 1 30
0 270 5000 3000
1 3 
0
0 360
2
1138 360 1 0 6
994 360 1 0 6
811 360 5675 5000
1 11 
2
0 450
3
1859 450 21 0 30
1154 450 21 0 30
578 450 21 0 30
811 450 7577 5000
1 22 
2
0 540
4
-345 540 21 0 30
288 540 21 0 30
852 540 21 0 30
1116 540 21 0 30
300 540 1802 5000
-1 22 
1
0 630
2
1080 630 9 1 30
180 630 8 1 30
0 630 5000 3000
1 3 
3
0 720
0
811 720 4237 5000
1 20 
1
0 810
2
360 810 9 1 30
990 810 8 1 30
0 810 5000 3000
1 3 
3
0 900
0
811 900 4677 5000
-1 20 
3
0 990
0
811 990 6914 5000
-1 20 
1
0 1080
2
0 1080 9 1 30
630 1080 10 1 30
0 0 5000 3000
1 3 
341
0

631 630 3 540 0 341 
16
1
l
