1
0 0
3
450 0 9 1 30
1080 0 9 1 30
360 0 8 1 30
0 0 5000 3000
1 3 

0
0 90
5
2522 90 1 0 6
2362 90 1 0 6
1410 90 1 0 6
1018 90 1 0 6
402 90 1 0 6
300 90 7628 5000
1 11 

2
0 180
4
294 180 21 0 30
495 180 21 0 30
828 180 21 0 30
1029 180 21 0 30
811 180 1426 5000
-1 22 

1
0 270
4
0 270 10 1 30
900 270 9 1 30
450 270 9 1 30
270 270 10 1 30
0 270 5000 3000
1 7 

0
0 360
3
534 360 2 0 6
934 360 2 0 6
2622 360 2 0 6
300 360 2324 5000
-1 11 

1
0 450
4
450 450 8 1 30
180 450 8 1 30
630 450 10 1 30
1170 450 9 1 30
0 450 5000 3000
1 3 

1
0 540
1
810 540 10 1 30
0 540 5000 3000
1 7 

0
0 630
1
1326 630 2 0 6
300 630 6361 5000
-1 11 

1
0 720
1
900 720 9 1 30
0 720 5000 3000
1 4 

3
0 810
0
300 810 1818 5000
-1 20 

0
0 900
0
300 900 2407 5000
-1 11 

0
0 990
0
300 990 5635 5000
1 11 

3
0 1080
0
811 1080 6668 5000
-1 20 

67
0

630 270 3 270 0 67 
4
1
lt
