0
0 0
2
-144 0 2 0 6
664 0 2 0 6
300 0 7932 5000
-1 11 
1
0 90
3
1080 90 9 1 30
180 90 9 1 30
720 90 10 1 30
0 90 5000 3000
1 4 
1
0 180
3
180 180 9 1 30
630 180 10 1 30
270 180 9 1 30
0 180 5000 3000
1 7 
0
0 270
4
-5824 270 2 0 6
-2056 270 2 0 6
-1048 270 2 0 6
-632 270 2 0 6
300 270 5608 5000
-1 11 
2
0 360
4
1325 360 19 0 30
1154 360 19 0 30
977 360 19 0 30
566 360 19 0 30
300 360 7701 5000
1 20 
2
0 450
1
1175 450 19 0 30
300 450 5160 5000
1 20 
0
0 540
0
300 540 4966 5000
-1 11 
3
0 630
0
811 630 1315 5000
-1 18 
3
0 720
0
300 720 7801 5000
1 18 
0
0 810
0
300 810 1995 5000
-1 11 
0
0 900
0
811 900 6019 5000
-1 11 
0
0 990
0
300 990 6813 5000
1 11 
0
0 1080
0
300 1080 2947 5000
-1 11 
69
0

720 540 3 540 0 69 
14
0
man
