0
0 0
0
811 0 3029 5000
-1 11 

1
0 90
3
1080 90 9 1 30
900 90 10 1 30
450 90 10 1 30
0 90 5000 3000
1 3 

1
0 180
4
1080 180 8 1 30
0 180 9 1 30
630 180 9 1 30
1170 180 9 1 30
0 180 5000 3000
1 3 

0
0 270
0
811 270 4904 5000
-1 11 

1
0 360
1
1170 360 8 1 30
0 360 5000 3000
1 3 

1
0 450
3
540 450 10 1 30
900 450 9 1 30
450 450 10 1 30
0 450 5000 3000
1 3 

0
0 540
1
986 540 1 0 6
811 540 7976 5000
1 11 

0
0 630
1
1622 630 2 0 6
300 630 5401 5000
-1 11 

0
0 720
0
811 720 5598 5000
-1 11 

2
0 810
0
300 810 7273 5000
1 22 

0
0 900
0
811 900 6021 5000
1 11 

0
0 990
0
300 990 2773 5000
1 11 

3
0 1080
0
300 1080 5056 5000
1 20 

42
0

180 180 3 180 0 42 
3
1
nigaga
