1
0 0
2
540 0 8 1 30
900 0 8 1 30
0 0 5000 3000
1 3 
0
0 90
0
300 90 5317 5000
-1 11 
0
0 180
1
168 180 1 0 6
300 180 7740 5000
1 11 
0
0 270
1
2088 270 2 0 6
300 270 3330 5000
-1 11 
0
0 360
0
811 360 1346 5000
-1 11 
0
0 450
2
672 450 1 0 6
488 450 1 0 6
811 450 2916 5000
1 11 
0
0 540
2
896 540 1 0 6
568 540 1 0 6
811 540 4606 5000
1 11 
2
0 630
0
300 630 2506 5000
-1 20 
0
0 720
0
811 720 5326 5000
1 11 
1
0 810
4
720 810 9 1 30
1170 810 10 1 30
450 810 9 1 30
270 810 8 1 30
0 0 5000 3000
1 5 
0
0 900
0
300 900 2014 5000
-1 11 
1
0 990
4
360 990 9 1 30
900 990 8 1 30
90 990 8 1 30
450 990 9 1 30
0 0 5000 3000
1 3 
3
0 1080
0
300 1080 2684 5000
-1 18 
0
0

90 0 3 0 0 0 
0
0
nigga
