1
0 0
2
90 0 8 1 30
0 0 8 1 30
0 0 5000 3000
1 3 

0
0 90
2
630 90 14 0 6
1982 90 14 0 6
811 90 5071 5000
-1 11 

0
0 180
1
114 180 15 0 6
811 180 7083 5000
1 11 

0
0 270
0
811 270 2952 5000
1 11 

2
0 360
2
345 360 23 0 30
822 360 23 0 30
300 360 6923 5000
-1 24 

0
0 450
0
811 450 4806 5000
-1 11 

0
0 540
1
430 540 2 0 5
300 540 3066 5000
-1 11 

1
0 630
4
990 630 9 1 30
270 630 9 1 30
630 630 9 1 30
540 630 9 1 30
0 0 5000 3000
1 5 

1
0 720
4
810 720 9 1 30
360 720 8 1 30
720 720 9 1 30
630 720 8 1 30
0 0 5000 3000
1 7 

3
0 810
0
300 810 1461 5000
-1 22 

0
0 900
0
811 900 6292 5000
-1 11 

1
0 990
3
360 990 8 1 30
450 990 10 1 30
720 990 9 1 30
0 0 5000 3000
1 3 

2
0 1080
0
300 1080 5304 5000
1 24 

0
0

630 0 3 0 0 0 
0
0
obs
