1
0 0
4
1080 0 9 1 30
450 0 8 1 30
360 0 10 1 30
180 0 10 1 30
0 0 5000 3000
1 3 

2
0 90
0
300 90 2210 5000
-1 22 

0
0 180
0
300 180 7983 5000
1 11 

3
0 270
0
811 270 3585 5000
-1 20 

1
0 360
1
540 360 9 1 30
0 0 5000 3000
1 7 

1
0 450
1
0 450 8 1 30
0 0 5000 3000
1 6 

2
0 540
0
300 540 2736 5000
1 22 

3
0 630
1
2900 630 13 0 1
300 630 1539 5000
-1 20 

1
0 720
3
630 720 9 1 30
1080 720 9 1 30
810 720 10 1 30
0 0 5000 3000
1 4 

0
0 810
0
300 810 3597 5000
1 11 

0
0 900
0
811 900 4007 5000
1 11 

3
0 990
0
300 990 4084 5000
1 20 

0
0 1080
0
811 1080 7499 5000
-1 11 

0
0

630 0 3 0 0 0 
0
0
pipu
