1
0 0
4
0 0 8 1 30
90 0 9 1 30
990 0 8 1 30
1170 0 9 1 30
0 0 5000 3000
1 7 
0
0 90
3
1104 90 2 0 6
1480 90 2 0 6
2080 90 2 0 6
300 90 3465 5000
-1 11 
0
0 180
0
300 180 4906 5000
-1 11 
3
0 270
0
811 270 3226 5000
-1 18 
2
0 360
1
915 360 19 0 30
300 360 2676 5000
-1 20 
3
0 450
0
300 450 6472 5000
1 18 
2
0 540
1
-4 540 19 0 30
300 540 2458 5000
1 20 
3
0 630
0
811 630 4554 5000
-1 18 
1
0 720
2
810 720 9 1 30
90 720 9 1 30
0 0 5000 3000
1 6 
0
0 810
0
811 810 2348 5000
1 11 
3
0 900
0
300 900 6294 5000
1 18 
2
0 990
0
811 990 5878 5000
-1 20 
2
0 1080
0
811 1080 6258 5000
1 20 
64
0

540 270 3 270 0 64 
3
0
test
