1
0 0
3
450 0 10 1 30
900 0 10 1 30
630 0 10 1 30
0 0 5000 3000
1 3 

0
0 90
0
811 90 5430 5000
1 11 

2
0 180
1
44 180 21 0 30
300 180 6404 5000
1 22 

2
0 270
2
365 270 21 0 30
185 270 21 0 30
811 270 2392 5000
1 22 

2
0 360
1
882 360 21 0 30
300 360 5426 5000
-1 22 

1
0 450
3
1080 450 9 1 30
990 450 10 1 30
630 450 8 1 30
0 0 5000 3000
1 7 

1
0 540
4
540 540 8 1 30
810 540 8 1 30
0 540 8 1 30
450 540 8 1 30
0 0 5000 3000
1 3 

3
0 630
0
300 630 7312 5000
-1 20 

1
0 720
3
900 720 10 1 30
0 720 10 1 30
540 720 8 1 30
0 0 5000 3000
1 3 

3
0 810
0
300 810 4366 5000
-1 20 

2
0 900
0
300 900 1930 5000
1 22 

1
0 990
1
720 990 10 1 30
0 0 5000 3000
1 3 

3
0 1080
0
300 1080 6336 5000
1 20 

0
0

990 0 3 0 0 0 
0
0
supa
