1
0 0
3
360 0 9 1 30
900 0 9 1 30
450 0 8 1 30
0 0 5000 3000
1 3 
0
0 90
0
300 90 6362 5000
1 11 
0
0 180
0
811 180 3989 5000
1 11 
1
0 270
3
990 270 9 1 30
270 270 9 1 30
900 270 9 1 30
0 0 5000 3000
1 3 
1
0 360
4
720 360 9 1 30
180 360 8 1 30
990 360 9 1 30
810 360 9 1 30
0 0 5000 3000
1 7 
2
0 450
0
300 450 2525 5000
-1 20 
1
0 540
2
540 540 9 1 30
630 540 9 1 30
0 0 5000 3000
1 3 
3
0 630
0
300 630 4879 5000
1 18 
3
0 720
0
811 720 1008 5000
1 18 
0
0 810
0
811 810 5280 5000
1 11 
1
0 900
3
810 900 9 1 30
1080 900 9 1 30
180 900 8 1 30
0 0 5000 3000
1 3 
0
0 990
0
300 990 7776 5000
-1 11 
0
0 1080
0
300 1080 6479 5000
-1 11 
0
0

90 0 3 0 0 0 
0
0
