1
0 0
2
360 0 10 1 30
1080 0 10 1 30
0 0 5000 3000
1 3 
0
0 90
0
300 90 1125 5000
-1 11 
3
0 180
0
811 180 2318 5000
-1 20 
3
0 270
1
1400 270 13 0 1
811 270 5254 5000
-1 20 
1
0 360
3
720 360 9 1 30
900 360 8 1 30
360 360 8 1 30
0 0 5000 3000
1 3 
2
0 450
0
811 450 2814 5000
-1 22 
2
0 540
1
164 540 21 0 30
300 540 1247 5000
1 22 
3
0 630
0
300 630 6482 5000
1 20 
0
0 720
0
811 720 3245 5000
1 11 
2
0 810
0
811 810 7755 5000
-1 22 
0
0 900
0
811 900 4440 5000
-1 11 
1
0 990
3
630 990 9 1 30
720 990 9 1 30
360 990 8 1 30
0 0 5000 3000
1 4 
0
0 1080
0
300 1080 5638 5000
1 11 
59
0

90 270 3 270 0 59 
3
1
tri
