3
0 0
0
300 0 3962 5000
1 20 
0
0 90
0
811 90 2044 5000
1 11 
0
0 180
3
562 180 1 0 6
418 180 1 0 6
-22 180 1 0 6
300 180 3257 5000
1 11 
0
0 270
2
672 270 1 0 6
474 270 1 0 6
811 270 2254 5000
1 11 
2
0 360
5
45 360 21 0 30
228 360 21 0 30
567 360 21 0 30
882 360 21 0 30
1263 360 21 0 30
300 360 7736 5000
-1 22 
3
0 450
0
300 450 2288 5000
-1 20 
1
0 540
1
630 540 10 1 30
0 540 5000 3000
1 7 
2
0 630
0
811 630 7352 5000
-1 22 
1
0 720
4
990 720 9 1 30
630 720 8 1 30
180 720 9 1 30
1080 720 8 1 30
0 720 5000 3000
1 3 
0
0 810
0
811 810 1412 5000
-1 11 
1
0 900
4
630 900 8 1 30
180 900 10 1 30
720 900 10 1 30
540 900 8 1 30
0 900 5000 3000
1 3 
1
0 990
3
450 990 9 1 30
180 990 10 1 30
1170 990 10 1 30
0 990 5000 3000
1 3 
0
0 1080
0
300 1080 4054 5000
1 11 
8
0

540 540 3 540 0 8 
17
1
tringu
