1
0 0
4
0 0 9 1 30
810 0 10 1 30
450 0 8 1 30
270 0 8 1 30
0 0 5000 3000
1 3 

2
0 90
2
926 90 21 0 30
68 90 21 0 30
811 90 6727 5000
1 22 

3
0 180
0
300 180 4024 5000
-1 20 

0
0 270
1
432 270 2 0 6
300 270 3477 5000
-1 11 

2
0 360
2
1073 360 21 0 30
737 360 21 0 30
300 360 3889 5000
1 22 

0
0 450
1
2134 450 2 0 6
811 450 1940 5000
-1 11 

3
0 540
0
300 540 4569 5000
1 20 

0
0 630
1
168 630 1 0 6
300 630 3911 5000
1 11 

0
0 720
0
300 720 7287 5000
-1 11 

2
0 810
0
300 810 4379 5000
1 22 

1
0 900
4
180 900 10 1 30
540 900 10 1 30
90 900 9 1 30
1170 900 10 1 30
0 900 5000 3000
1 3 

0
0 990
0
811 990 5891 5000
-1 11 

0
0 1080
0
811 1080 3110 5000
1 11 

0
0

939 90 3 90 0 0 
2
1
tringo
