1
0 0
4
450 0 9 1 30
990 0 9 1 30
90 0 10 1 30
1170 0 9 1 30
0 0 5000 3000
1 4 

0
0 90
0
811 90 4179 5000
-1 11 

0
0 180
0
811 180 1571 5000
1 11 

0
0 270
1
2598 270 2 0 6
300 270 1002 5000
-1 11 

1
0 360
3
1170 360 10 1 30
630 360 8 1 30
720 360 8 1 30
0 0 5000 3000
1 4 

1
0 450
3
450 450 8 1 30
90 450 10 1 30
1080 450 10 1 30
0 0 5000 3000
1 3 

2
0 540
1
161 540 21 0 30
811 540 4174 5000
1 22 

2
0 630
1
89 630 21 0 30
811 630 6690 5000
1 22 

0
0 720
0
811 720 3708 5000
-1 11 

2
0 810
0
300 810 7781 5000
-1 22 

0
0 900
0
811 900 5333 5000
1 11 

3
0 990
0
300 990 5598 5000
-1 20 

0
0 1080
0
811 1080 1816 5000
-1 11 

0
0

630 0 3 0 0 0 
0
0
very
